101 0.1
0 0.5 0
10 5
0 6 0 6 0 6 0 6 0 6 0 6 0 6 0 6 0 6 0 6
0 6 0 6 0 6 0 6 0 6 0 6 0 6 0 6 0 6 0 6
0 6 0 6 0 6 0 6 0 6 1.80 6  1.83 6  1.86 6  1.89 6  1.92 6
1.95 6 1.98 6 2.01 6 2.04 6 2.07 6 2.10 6 2.13 6 2.16 6 2.19 6 2.22 6
2.25 6 2.28 6 2.31 6 2.34 6 2.37 6 2.40 6 2.43 6 2.46 6 2.49 6 2.52 6
0 6 0 6 0 6 0 6 0 6 0 6 0 6 0 6 0 6 0 6
0 4.00 0 4.02 0 4.04 0 4.06 0 4.08 0 4.10 0 4.12 0 4.14 0 4.16 0 4.18
0 4.20 0 4.22 0 4.24 0 4.26 0 4.28 0 4.30 0 4.32 0 4.34 0 4.36 0 4.38
0 6 0 6 0 6 0 6 0 6 0 6 0 6 0 6 0 6 0 6
0 6 0 6 0 6 0 6 0 6 0 6 0 6 0 6 0 6 0 6 0 6
0 1 0 1 0 1 0 1 0 1 0 1 0 1 0 1 0 1 0 1
0 1 0 1 0 1 0 1 0 1 0 1 0 1 0 1 0 1 0 1
0 1 0 1 0 1 0 1 0 1 0 1 0 1 0 1 0 1 0 1
0 1 0 1 0 1 0 1 0 1 0 1 0 1 0 1 0 1 0 1
0 1 0 1 0 1 0 1 0 1 0 1 0 1 0 1 0 1 0 1
0 1 0 1 0 1 0 1 0 1 0 1 0 1 0 1 0 1 0 1
0 1 0 1 0 1 0 1 0 1 0 1 0 1 0 1 0 1 0 1
0 1 0 1 0 1 0 1 0 1 0 1 0 1 0 1 0 1 0 1
0 1 0 1 0 1 0 1 0 1 0 1 0 1 0 1 0 1 0 1
0 1 0 1 0 1 0 1 0 1 0 1 0 1 0 1 0 1 0 1 0 1
0 0.12 0.24 0.36 0.48 0.6 0.72 0.84 0.96 1.08
1.2 1.29 1.38 1.47 1.56 1.65 1.74 1.83 1.92 2.01
2.1 2.13 2.16 2.19 2.22 2.25 2.28 2.31 2.34 2.37 
2.4 2.43 2.46 2.49 2.52 2.55 2.58 2.61 2.64 2.67 
2.7 2.82 2.94 3.06 3.18 3.30 3.42 3.54 3.66 3.78
3.9 4.02 4.14 4.26 4.38 4.50 4.62 4.74 4.86 4.98 
5.1 5.22 5.34 5.46 5.58 5.70 5.82 5.94 6.06 6.18
6.3 6.42 6.54 6.66 6.78 6.90 7.02 7.14 7.26 7.38
7.5 7.62 7.74 7.86 7.98 8.10 8.22 8.34 8.46 8.58
8.7 8.82 8.94 9.06 9.18 9.30 9.42 9.54 9.66 9.78 9.9
0 0 0 0 0 0 0 0 0 0 0 0 0 0 0 0 0 0 0 0 0 0 0 0 0 0 0 0 0 0 0 0 0 0 0 0 0 0 0 0 0 0 0 0 0 0 0 0 0 0 0 0 0 0 0 0 0 0 0 0 0 0 0 0 0 0 0 0 0 0 0
0 0 0 0 0 0 0 0 0 0 0 0 0 0 0 0 0 0 0 0 0 0 0 0 0 0 0 0 0 0 
