E0523 13:02:42.039515  6404 hybrid_test.cpp:54] hybrid astar path size: 563
15.1 4 0
15.2 4 0
15.3 4 0
15.4 4 0
15.5 4 0
15.6 4 0
15.7 4 0
15.8 4 0
15.9 4 0
16 4 0
16.1 4 0
16.2 4 0
16.3 4 0
16.4 4 0
16.5 4 0
16.6 4 0
16.7 4 0
16.8 4 0
16.9 4 0
17 4 0
17.1 4 0
17.2 4 0
17.3 4 0
17.4 4 0
17.5 4 0
17.6 4 0
17.7 4 0
17.8 4 0
17.9 4 0
18 4 0
18.1 4 0
18.2 4 0
18.3 4 0
18.4 4 0
18.5 4 0
18.6 4 0
18.7 4 0
18.8 4 0
18.9 4 0
19 4 0
19.1 4 0
19.2 4 0
19.3 4 0
19.4 4 0
19.5 4 0
19.6 4 0
19.7 4 0
19.8 4 0
19.9 4 0
20 4 0
20.1 4 0
20.2 4 0
20.3 4 0
20.4 4 0
20.5 4 0
20.6 4 0
20.7 4 0
20.8 4 0
20.9 4 0
21 4 0
21.1 4 0
21.2 4 0
21.3 4 0
21.4 4 0
21.5 4 0
21.6 4 0
21.7 4 0
21.8 4 0
21.9 4 0
22 4 0
22.1 4 0
22.2 4 0
22.3 4 0
22.4 4 0
22.5 4 0
22.6 4 0
22.7 4 0
22.8 4 0
22.9 4 0
23 4 0
23.1 4 0
23.2 4 0
23.3 4 0
23.4 4 0
23.5 4 0
23.6 4 0
23.7 4 0
23.8 4 0
23.9 4 0
24 4 0
24.1 4 0
24.2 4 0
24.3 4 0
24.4 4 0
24.5 4 0
24.6 4 0
24.7 4 0
24.8 4 0
24.9 4 0
25 4 0
25.1 4 0
25.2 4 0
25.3 4 0
25.4 4 0
25.5 4 0
25.6 4 0
25.7 4 0
25.8 4 0
25.9 4 0
26 4 0
26.1 4 0
26.2 4 0
26.3 4 0
26.4 4 0
26.5 4 0
26.6 4 0
26.7 4 0
26.8 4 0
26.9 4 0
27 4 0
27.1 4 0
27.2 4 0
27.3 4 0
27.4 4 0
27.5 4 0
27.6 4 0
27.7 4 0
27.8 4 0
27.9 4 0
28 4 0
28.1 4 0
28.2 4 0
28.3 4 0
28.4 4 0
28.5 4 0
28.6 4 0
28.7 4 0
28.8 4 0
28.9 4 0
29 4 0
29.1 4 0
29.2 4 0
29.3 4 0
29.4 4 0
29.5 4 0
29.6 4 0
29.7 4 0
29.8 4 0
29.9 4 0
30 4 0
30.1 4 0
30.2 4 0
30.3 4 0
30.4 4 0
30.5 4 0
30.6 4 0
30.7 4 0
30.8 4 0
30.9 4 0
31 4 0
31.1 4 0
31.2 4 0
31.3 4 0
31.4 4 0
31.5 4 0
31.6 4 0
31.7 4 0
31.8 4 0
31.9 4 0
32 4 0
32.1 4 0
32.2 4 0
32.3 4 0
32.4 4 0
32.5 4 0
32.6 4 0
32.7 4 0
32.8 4 0
32.9 4 0
33 4 0
33.1 4 0
33.2 4 0
33.3 4 0
33.4 4 0
33.5 4 0
33.6 4 0
33.7 4 0
33.8 4 0
33.9 4 0
34 4 0
34.1 4 0
34.2 4 0
34.3 4 0
34.4 4 0
34.5 4 0
34.6 4 0
34.7 4 0
34.8 4 0
34.9 4 0
35 4 0
35.1 4 0
35.2 4 0
35.3 4 0
35.4 4 0
35.5 4 0
35.6 4 0
35.7 4 0
35.8 4 0
35.9 4 0
36 4 0
36.1 4 0
36.2 4 0
36.3 4 0
36.4 4 0
36.5 4 0
36.6 4 0
36.7 4 0
36.8 4 0
36.9 4 0
37 4 0
37.1 4 0
37.2 4 0
37.3 4 0
37.4 4 0
37.5 4 0
37.6 4 0
37.7 4 0
37.8 4 0
37.9 4 0
38 4 0
38.0461 4.00231 0.1
38.0918 4.00921 0.2
38.1365 4.02063 0.3
38.1799 4.03647 0.4
38.2215 4.05655 0.5
38.2608 4.08069 0.6
38.2976 4.10863 0.7
38.3314 4.14011 0.8
38.3619 4.1748 0.9
38.3887 4.21236 1
38.4117 4.25242 1.1
38.4306 4.29456 1.2
38.4451 4.33839 1.3
38.4552 4.38344 1.4
38.4608 4.42928 1.5
38.4618 4.47545 1.6
38.4581 4.52148 1.7
38.4499 4.56692 1.8
38.4372 4.61131 1.9
38.4201 4.6542 2
38.3988 4.69518 2.1
38.3483 4.7815 2.1
38.2978 4.86782 2.1
38.2473 4.95414 2.1
38.1968 5.04046 2.1
38.1463 5.12678 2.1
38.0959 5.2131 2.1
38.0454 5.29942 2.1
37.9949 5.38574 2.1
37.9444 5.47207 2.1
37.8939 5.55839 2.1
37.8434 5.64471 2.1
37.793 5.73103 2.1
37.7425 5.81735 2.1
37.692 5.90367 2.1
37.6415 5.98999 2.1
37.591 6.07631 2.1
37.5405 6.16263 2.1
37.49 6.24895 2.1
37.4396 6.33527 2.1
37.3891 6.4216 2.1
37.3386 6.50792 2.1
37.2881 6.59424 2.1
37.2376 6.68056 2.1
37.1871 6.76688 2.1
37.1367 6.8532 2.1
37.0862 6.93952 2.1
37.0357 7.02584 2.1
36.9852 7.11216 2.1
36.9347 7.19848 2.1
36.8842 7.28481 2.1
36.8337 7.37113 2.1
36.7833 7.45745 2.1
36.7328 7.54377 2.1
36.6823 7.63009 2.1
36.6318 7.71641 2.1
36.5813 7.80273 2.1
36.5308 7.88905 2.1
36.4804 7.97537 2.1
36.4299 8.06169 2.1
36.3794 8.14801 2.1
36.3289 8.23434 2.1
36.2784 8.32066 2.1
36.2279 8.40698 2.1
36.1774 8.4933 2.1
36.127 8.57962 2.1
36.0765 8.66594 2.1
36.026 8.75226 2.1
35.9755 8.83858 2.1
35.925 8.9249 2.1
35.8745 9.01122 2.1
35.8241 9.09754 2.1
35.7736 9.18387 2.1
35.7231 9.27019 2.1
35.6726 9.35651 2.1
35.6221 9.44283 2.1
35.5716 9.52915 2.1
35.5211 9.61547 2.1
35.4707 9.70179 2.1
35.4202 9.78811 2.1
35.3697 9.87443 2.1
35.3192 9.96075 2.1
35.2687 10.0471 2.1
35.2182 10.1334 2.1
35.1678 10.2197 2.1
35.1173 10.306 2.1
35.0668 10.3924 2.1
35.0163 10.4787 2.1
34.9658 10.565 2.1
34.9153 10.6513 2.1
34.8648 10.7376 2.1
34.8144 10.824 2.1
34.7639 10.9103 2.1
34.7134 10.9966 2.1
34.6629 11.0829 2.1
34.6124 11.1692 2.1
34.5619 11.2556 2.1
34.5115 11.3419 2.1
34.461 11.4282 2.1
34.4105 11.5145 2.1
34.36 11.6009 2.1
34.3095 11.6872 2.1
34.259 11.7735 2.1
34.2085 11.8598 2.1
34.1581 11.9461 2.1
34.1076 12.0325 2.1
34.0571 12.1188 2.1
34.0066 12.2051 2.1
33.9561 12.2914 2.1
33.9056 12.3777 2.1
33.8552 12.4641 2.1
33.8047 12.5504 2.1
33.7542 12.6367 2.1
33.7037 12.723 2.1
33.6532 12.8093 2.1
33.6027 12.8957 2.1
33.5522 12.982 2.1
33.5018 13.0683 2.1
33.4513 13.1546 2.1
33.4008 13.2409 2.1
33.3503 13.3273 2.1
33.2998 13.4136 2.1
33.2493 13.4999 2.1
33.1989 13.5862 2.1
33.1484 13.6726 2.1
33.0979 13.7589 2.1
33.0474 13.8452 2.1
32.9969 13.9315 2.1
32.9464 14.0178 2.1
32.8959 14.1042 2.1
32.8455 14.1905 2.1
32.795 14.2768 2.1
32.7445 14.3631 2.1
32.694 14.4494 2.1
32.6435 14.5358 2.1
32.593 14.6221 2.1
32.5426 14.7084 2.1
32.4921 14.7947 2.1
32.4416 14.881 2.1
32.3911 14.9674 2.1
32.3406 15.0537 2.1
32.2901 15.14 2.1
32.2396 15.2263 2.1
32.1892 15.3127 2.1
32.1387 15.399 2.1
32.0882 15.4853 2.1
32.0377 15.5716 2.1
31.9872 15.6579 2.1
31.9367 15.7443 2.1
31.8863 15.8306 2.1
31.8358 15.9169 2.1
31.8145 15.9579 -4.28319
31.7974 16.0008 -4.38319
31.7847 16.0452 -4.48319
31.7764 16.0906 -4.58319
31.7728 16.1366 -4.68319
31.7737 16.1828 -4.78319
31.7793 16.2286 -4.88319
31.7894 16.2737 -4.98319
31.804 16.3175 -5.08319
31.8228 16.3597 -5.18319
31.8458 16.3997 -5.28319
31.8727 16.4373 -5.38319
31.9031 16.472 -5.48319
31.9369 16.5034 -5.58319
31.9737 16.5314 -5.68319
32.0131 16.5555 -5.78319
32.0546 16.5756 -5.88319
32.098 16.5914 -5.98319
32.1428 16.6029 -6.08319
32.1884 16.6098 -6.18319
32.2345 16.6121 -6.28319
32.3345 16.6121 -6.28319
32.4345 16.6121 -6.28319
32.5345 16.6121 -6.28319
32.6345 16.6121 -6.28319
32.7345 16.6121 -6.28319
32.8345 16.6121 -6.28319
32.9345 16.6121 -6.28319
33.0345 16.6121 -6.28319
33.1345 16.6121 -6.28319
33.2345 16.6121 -6.28319
33.3345 16.6121 -6.28319
33.4345 16.6121 -6.28319
33.5345 16.6121 -6.28319
33.6345 16.6121 -6.28319
33.7345 16.6121 -6.28319
33.8345 16.6121 -6.28319
33.9345 16.6121 -6.28319
34.0345 16.6121 -6.28319
34.1345 16.6121 -6.28319
34.2345 16.6121 -6.28319
34.3345 16.6121 -6.28319
34.4345 16.6121 -6.28319
34.5345 16.6121 -6.28319
34.6345 16.6121 -6.28319
34.7345 16.6121 -6.28319
34.8345 16.6121 -6.28319
34.9345 16.6121 -6.28319
35.0345 16.6121 -6.28319
35.1345 16.6121 -6.28319
35.2345 16.6121 -6.28319
35.3345 16.6121 -6.28319
35.4345 16.6121 -6.28319
35.5345 16.6121 -6.28319
35.6345 16.6121 -6.28319
35.7345 16.6121 -6.28319
35.8345 16.6121 -6.28319
35.9345 16.6121 -6.28319
36.0345 16.6121 -6.28319
36.1345 16.6121 -6.28319
36.2345 16.6121 -6.28319
36.3345 16.6121 -6.28319
36.4345 16.6121 -6.28319
36.5345 16.6121 -6.28319
36.6345 16.6121 -6.28319
36.7345 16.6121 -6.28319
36.8345 16.6121 -6.28319
36.9345 16.6121 -6.28319
37.0345 16.6121 -6.28319
37.1345 16.6121 -6.28319
37.2345 16.6121 -6.28319
37.3345 16.6121 -6.28319
37.4345 16.6121 -6.28319
37.5345 16.6121 -6.28319
37.6345 16.6121 -6.28319
37.7345 16.6121 -6.28319
37.8345 16.6121 -6.28319
37.9345 16.6121 -6.28319
38.0345 16.6121 -6.28319
38.1345 16.6121 -6.28319
38.2345 16.6121 -6.28319
38.2345 16.6121 -6.28319
38.4344 16.6575 0.447313
38.5949 16.7849 0.894626
38.6844 16.9692 1.34194
38.6855 17.1742 1.78925
38.6066 17.3644 2.02724
38.5155 17.5499 2.02724
38.4244 17.7354 2.02724
38.3333 17.9209 2.02724
38.2423 18.1064 2.02724
38.1512 18.2919 2.02724
38.0601 18.4774 2.02724
37.969 18.6629 2.02724
37.878 18.8483 2.02724
37.7869 19.0338 2.02724
37.6958 19.2193 2.02724
37.6047 19.4048 2.02724
37.5136 19.5903 2.02724
37.4226 19.7758 2.02724
37.3315 19.9613 2.02724
37.2404 20.1467 2.02724
37.1493 20.3322 2.02724
37.0583 20.5177 2.02724
36.9672 20.7032 2.02724
36.8761 20.8887 2.02724
36.785 21.0742 2.02724
36.6939 21.2597 2.02724
36.6029 21.4451 2.02724
36.5118 21.6306 2.02724
36.4207 21.8161 2.02724
36.3296 22.0016 2.02724
36.2386 22.1871 2.02724
36.1475 22.3726 2.02724
36.0564 22.5581 2.02724
35.9653 22.7435 2.02724
35.8742 22.929 2.02724
35.7832 23.1145 2.02724
35.6921 23.3 2.02724
35.601 23.4855 2.02724
35.5099 23.671 2.02724
35.4189 23.8565 2.02724
35.3278 24.0419 2.02724
35.2367 24.2274 2.02724
35.1456 24.4129 2.02724
35.0545 24.5984 2.02724
34.9635 24.7839 2.02724
34.8724 24.9694 2.02724
34.7813 25.1549 2.02724
34.6902 25.3403 2.02724
34.5992 25.5258 2.02724
34.5081 25.7113 2.02724
34.417 25.8968 2.02724
34.3259 26.0823 2.02724
34.2348 26.2678 2.02724
34.1438 26.4533 2.02724
34.0527 26.6388 2.02724
33.9616 26.8242 2.02724
33.8705 27.0097 2.02724
33.7795 27.1952 2.02724
33.6884 27.3807 2.02724
33.5973 27.5662 2.02724
33.5062 27.7517 2.02724
33.4151 27.9372 2.02724
33.3241 28.1226 2.02724
33.233 28.3081 2.02724
33.1419 28.4936 2.02724
33.0508 28.6791 2.02724
32.9598 28.8646 2.02724
32.8687 29.0501 2.02724
32.7776 29.2356 2.02724
32.6865 29.421 2.02724
32.5954 29.6065 2.02724
32.5044 29.792 2.02724
32.4133 29.9775 2.02724
32.3222 30.163 2.02724
32.2311 30.3485 2.02724
32.1401 30.534 2.02724
32.049 30.7194 2.02724
31.9579 30.9049 2.02724
31.8668 31.0904 2.02724
31.7757 31.2759 2.02724
31.6847 31.4614 2.02724
31.5936 31.6469 2.02724
31.5025 31.8324 2.02724
31.4114 32.0178 2.02724
31.3204 32.2033 2.02724
31.2293 32.3888 2.02724
31.1382 32.5743 2.02724
31.0471 32.7598 2.02724
30.956 32.9453 2.02724
30.865 33.1308 2.02724
30.7739 33.3162 2.02724
30.6828 33.5017 2.02724
30.5917 33.6872 2.02724
30.5007 33.8727 2.02724
30.4096 34.0582 2.02724
30.3185 34.2437 2.02724
30.2274 34.4292 2.02724
30.1363 34.6146 2.02724
30.0453 34.8001 2.01731
30 35 1.57
I0523 13:02:42.041066  6404 hybrid_test.cpp:61] succeed to find the path! cost time 78.8888s.

