15.0001 4.1 1.57
15.0002 4.2 1.57
15.0002 4.3 1.57
15.0003 4.4 1.57
15.0004 4.5 1.57
15.0005 4.6 1.57
15.0006 4.7 1.57
15.0006 4.8 1.57
15.0007 4.9 1.57
15.0008 5 1.57
15.0009 5.1 1.57
15.001 5.2 1.57
15.001 5.3 1.57
15.0011 5.4 1.57
15.0012 5.5 1.57
15.0013 5.6 1.57
15.0014 5.7 1.57
15.0014 5.8 1.57
15.0015 5.9 1.57
15.0016 6 1.57
15.0017 6.1 1.57
15.0018 6.2 1.57
15.0018 6.3 1.57
15.0019 6.4 1.57
15.002 6.5 1.57
15.0021 6.6 1.57
15.0022 6.7 1.57
15.0022 6.8 1.57
15.0023 6.9 1.57
15.0024 7 1.57
15.0025 7.1 1.57
15.0025 7.2 1.57
15.0026 7.3 1.57
15.0027 7.4 1.57
15.0028 7.5 1.57
15.0029 7.6 1.57
15.0029 7.7 1.57
15.003 7.8 1.57
15.0031 7.9 1.57
15.0032 8 1.57
15.0033 8.1 1.57
15.0033 8.2 1.57
15.0034 8.3 1.57
15.0035 8.4 1.57
15.0036 8.5 1.57
15.0037 8.6 1.57
15.0037 8.7 1.57
15.0038 8.8 1.57
15.0039 8.9 1.57
15.004 9 1.57
15.0041 9.1 1.57
15.0041 9.2 1.57
15.0042 9.3 1.57
15.0043 9.4 1.57
15.0044 9.5 1.57
15.0045 9.6 1.57
15.0045 9.7 1.57
15.0046 9.8 1.57
15.0047 9.9 1.57
15.0048 10 1.57
15.0049 10.1 1.57
15.0049 10.2 1.57
15.005 10.3 1.57
15.0051 10.4 1.57
15.0052 10.5 1.57
15.0053 10.6 1.57
15.0053 10.7 1.57
15.0054 10.8 1.57
15.0055 10.9 1.57
15.0056 11 1.57
15.0057 11.1 1.57
15.0057 11.2 1.57
15.0058 11.3 1.57
15.0059 11.4 1.57
15.006 11.5 1.57
15.0061 11.6 1.57
15.0061 11.7 1.57
15.0062 11.8 1.57
15.0063 11.9 1.57
15.0064 12 1.57
15.0065 12.1 1.57
15.0065 12.2 1.57
15.0066 12.3 1.57
15.0067 12.4 1.57
15.0068 12.5 1.57
15.0068 12.6 1.57
15.0069 12.7 1.57
15.007 12.8 1.57
15.0071 12.9 1.57
15.0072 13 1.57
15.0072 13.1 1.57
15.0073 13.2 1.57
15.0074 13.3 1.57
15.0075 13.4 1.57
15.0076 13.5 1.57
15.0076 13.6 1.57
15.0077 13.7 1.57
15.0078 13.8 1.57
15.0079 13.9 1.57
15.008 14 1.57
15.008 14.1 1.57
15.0081 14.2 1.57
15.0082 14.3 1.57
15.0083 14.4 1.57
15.0084 14.5 1.57
15.0084 14.6 1.57
15.0085 14.7 1.57
15.0086 14.8 1.57
15.0087 14.9 1.57
15.0088 15 1.57
15.0088 15.1 1.57
15.0089 15.2 1.57
15.009 15.3 1.57
15.0091 15.4 1.57
15.0092 15.5 1.57
15.0092 15.6 1.57
15.0093 15.7 1.57
15.0094 15.8 1.57
15.0095 15.9 1.57
15.0096 16 1.57
15.0096 16.1 1.57
15.0097 16.2 1.57
15.0098 16.3 1.57
15.0099 16.4 1.57
15.01 16.5 1.57
15.01 16.6 1.57
15.0101 16.7 1.57
15.0102 16.8 1.57
15.0103 16.9 1.57
15.0104 17 1.57
15.0081 17.0461 1.67
15.0012 17.0918 1.77
14.9898 17.1365 1.87
14.974 17.1799 1.97
14.954 17.2215 2.07
14.9299 17.2609 2.17
14.902 17.2977 2.27
14.8705 17.3315 2.37
14.8358 17.362 2.47
14.7983 17.3889 2.57
14.7583 17.4119 2.67
14.7161 17.4308 2.77
14.6723 17.4454 2.87
14.6273 17.4555 2.97
14.5814 17.4611 3.07
14.5353 17.4621 3.17
14.4892 17.4585 3.27
14.4438 17.4503 3.37
14.3994 17.4376 3.47
14.3565 17.4206 3.57
14.3155 17.3993 3.67
14.2291 17.3489 3.67
14.1428 17.2985 3.67
14.0564 17.2481 3.67
13.97 17.1977 3.67
13.8837 17.1472 3.67
13.7973 17.0968 3.67
13.711 17.0464 3.67
13.6246 16.996 3.67
13.5382 16.9456 3.67
13.4519 16.8952 3.67
13.3655 16.8447 3.67
13.2792 16.7943 3.67
13.1928 16.7439 3.67
13.1064 16.6935 3.67
13.0201 16.6431 3.67
12.9337 16.5927 3.67
12.8474 16.5422 3.67
12.761 16.4918 3.67
12.6746 16.4414 3.67
12.5883 16.391 3.67
12.5019 16.3406 3.67
12.4155 16.2902 3.67
12.3292 16.2398 3.67
12.2428 16.1893 3.67
12.1565 16.1389 3.67
12.0701 16.0885 3.67
11.9837 16.0381 3.67
11.8974 15.9877 3.67
11.811 15.9373 3.67
11.7247 15.8868 3.67
11.6383 15.8364 3.67
11.5519 15.786 3.67
11.4656 15.7356 3.67
11.3792 15.6852 3.67
11.2929 15.6348 3.67
11.2065 15.5843 3.67
11.1201 15.5339 3.67
11.0338 15.4835 3.67
10.9474 15.4331 3.67
10.861 15.3827 3.67
10.8201 15.3614 -2.71319
10.7771 15.3444 -2.81319
10.7327 15.3317 -2.91319
10.6873 15.3235 -3.01319
10.6413 15.3199 -3.11319
10.5951 15.3209 -3.21319
10.5493 15.3265 -3.31319
10.5042 15.3366 -3.41319
10.4604 15.3512 -3.51319
10.4183 15.3701 -3.61319
10.3782 15.3931 -3.71319
10.3407 15.42 -3.81319
10.306 15.4505 -3.91319
10.2746 15.4843 -4.01319
10.2467 15.5211 -4.11319
10.2226 15.5605 -4.21319
10.2025 15.6021 -4.31319
10.1867 15.6455 -4.41319
10.1753 15.6902 -4.51319
10.1685 15.7359 -4.61319
10.1662 15.782 -4.71319
10.1663 15.882 -4.71319
10.1663 15.982 -4.71319
10.1664 16.082 -4.71319
10.1665 16.182 -4.71319
10.1666 16.282 -4.71319
10.1667 16.382 -4.71319
10.1667 16.482 -4.71319
10.1668 16.582 -4.71319
10.1669 16.682 -4.71319
10.167 16.782 -4.71319
10.1671 16.882 -4.71319
10.1671 16.982 -4.71319
10.1672 17.082 -4.71319
10.1673 17.182 -4.71319
10.1674 17.282 -4.71319
10.1675 17.382 -4.71319
10.1675 17.482 -4.71319
10.1676 17.582 -4.71319
10.1677 17.682 -4.71319
10.1678 17.782 -4.71319
10.1679 17.882 -4.71319
10.1679 17.982 -4.71319
10.168 18.082 -4.71319
10.1681 18.182 -4.71319
10.1682 18.282 -4.71319
10.1683 18.382 -4.71319
10.1683 18.482 -4.71319
10.1684 18.582 -4.71319
10.1685 18.682 -4.71319
10.1686 18.782 -4.71319
10.1687 18.882 -4.71319
10.1687 18.982 -4.71319
10.1688 19.082 -4.71319
10.1689 19.182 -4.71319
10.169 19.282 -4.71319
10.1691 19.382 -4.71319
10.1691 19.482 -4.71319
10.1692 19.582 -4.71319
10.1693 19.682 -4.71319
10.1694 19.782 -4.71319
10.1695 19.882 -4.71319
10.1695 19.982 -4.71319
10.1696 20.082 -4.71319
10.1697 20.182 -4.71319
10.1698 20.282 -4.71319
10.1699 20.382 -4.71319
10.1699 20.482 -4.71319
10.17 20.582 -4.71319
10.1701 20.682 -4.71319
10.1702 20.782 -4.71319
10.1703 20.882 -4.71319
10.1703 20.982 -4.71319
10.1704 21.082 -4.71319
10.1705 21.182 -4.71319
10.1706 21.282 -4.71319
10.1706 21.382 -4.71319
10.1707 21.482 -4.71319
10.1708 21.582 -4.71319
10.1709 21.682 -4.71319
10.171 21.782 -4.71319
10.171 21.882 -4.71319
10.1711 21.982 -4.71319
10.1712 22.082 -4.71319
10.1713 22.182 -4.71319
10.1714 22.282 -4.71319
10.1714 22.382 -4.71319
10.1715 22.482 -4.71319
10.1716 22.582 -4.71319
10.1717 22.682 -4.71319
10.1718 22.782 -4.71319
10.1718 22.882 -4.71319
10.1719 22.982 -4.71319
10.172 23.082 -4.71319
10.1721 23.182 -4.71319
10.1722 23.282 -4.71319
10.1722 23.382 -4.71319
10.1723 23.482 -4.71319
10.1724 23.582 -4.71319
10.1725 23.682 -4.71319
10.1726 23.782 -4.71319
10.1726 23.882 -4.71319
10.1727 23.982 -4.71319
10.1728 24.082 -4.71319
10.1729 24.182 -4.71319
10.173 24.282 -4.71319
10.173 24.382 -4.71319
10.1731 24.482 -4.71319
10.1732 24.582 -4.71319
10.1733 24.682 -4.71319
10.1734 24.782 -4.71319
10.1734 24.782 -4.71319
10.2268 24.9974 1.08492
10.3745 25.1629 0.599833
10.5727 25.2673 0.466703
10.7728 25.3682 0.466703
10.9729 25.469 0.466703
11.173 25.5698 0.466703
11.3732 25.6707 0.466703
11.5733 25.7715 0.466703
11.7734 25.8723 0.466703
11.9735 25.9731 0.466703
12.1737 26.074 0.466703
12.3738 26.1748 0.466703
12.5739 26.2756 0.466703
12.774 26.3764 0.466703
12.9741 26.4773 0.466703
13.1743 26.5781 0.466703
13.3744 26.6789 0.466703
13.5745 26.7798 0.466703
13.7746 26.8806 0.466703
13.9748 26.9814 0.466703
14.1749 27.0822 0.466703
14.375 27.1831 0.466703
14.5751 27.2839 0.466703
14.7753 27.3847 0.466703
14.9754 27.4855 0.466703
15.1755 27.5864 0.466703
15.3756 27.6872 0.466703
15.5758 27.788 0.466703
15.7759 27.8889 0.466703
15.976 27.9897 0.466703
16.1761 28.0905 0.466703
16.3763 28.1913 0.466703
16.5764 28.2922 0.466703
16.7765 28.393 0.466703
16.9766 28.4938 0.466703
17.1768 28.5946 0.466703
17.3769 28.6955 0.466703
17.577 28.7963 0.466703
17.7771 28.8971 0.466703
17.9772 28.998 0.466703
18.1774 29.0988 0.466703
18.3775 29.1996 0.466703
18.5776 29.3004 0.466703
18.7777 29.4013 0.466703
18.9779 29.5021 0.466703
19.178 29.6029 0.466703
19.3781 29.7038 0.466703
19.5782 29.8046 0.466703
19.7784 29.9054 0.466703
19.9785 30.0062 0.466703
20.1786 30.1071 0.466703
20.3787 30.2079 0.466703
20.5789 30.3087 0.466703
20.779 30.4095 0.466703
20.9791 30.5104 0.466703
21.1792 30.6112 0.466703
21.3794 30.712 0.466703
21.5795 30.8129 0.466703
21.7796 30.9137 0.466703
21.9797 31.0145 0.466703
22.1799 31.1153 0.466703
22.38 31.2162 0.466703
22.5801 31.317 0.466703
22.7802 31.4178 0.466703
22.9803 31.5186 0.466703
23.1805 31.6195 0.466703
23.3806 31.7203 0.466703
23.5807 31.8211 0.466703
23.7808 31.922 0.466703
23.981 32.0228 0.466703
24.1811 32.1236 0.466703
24.3812 32.2244 0.466703
24.5813 32.3253 0.466703
24.7815 32.4261 0.466703
24.9816 32.5269 0.466703
25.1817 32.6277 0.466703
25.3818 32.7286 0.466703
25.582 32.8294 0.466703
25.7821 32.9302 0.466703
25.9822 33.0311 0.466703
26.1823 33.1319 0.466703
26.3825 33.2327 0.466703
26.5826 33.3335 0.466703
26.7827 33.4344 0.466703
26.9828 33.5352 0.466703
27.1829 33.636 0.466703
27.3831 33.7368 0.466703
27.5832 33.8377 0.466703
27.7833 33.9385 0.466703
27.9834 34.0393 0.466703
28.1836 34.1402 0.466703
28.3837 34.241 0.466703
28.5838 34.3418 0.466703
28.7839 34.4426 0.466703
28.9841 34.5435 0.466703
29.1842 34.6443 0.466703
29.3843 34.7451 0.466703
29.5844 34.8459 0.466703
29.7846 34.9468 0.466703
30 35 0

