14
0.0481408
9 6 9
8 7 8
7 7 8
6 6 8
6 5 8
7 4 8
6 3 7
5 3 6
4 3 5
3 2 4
4 1 3
5 1 2
6 0 1
7 0 0
14
不满足车辆动力学!FAILED
14
0.0495737
9 6 13
8 7 12
7 7 11
6 6 10
6 5 9
7 4 8
6 3 7
5 3 6
4 3 5
3 2 4
4 1 3
5 1 2
6 0 1
7 0 0
0
10
24.1421
34.1421
48.2843
62.4264
72.4264
82.4264
96.5685
110.711
120.711
134.853
144.853
158.995
cost is:154.416



20
0.26996
9 15 9
8 14 8
7 14 8
6 14 8
5 13 7
4 12 7
4 11 7
4 10 7
5 9 6
5 8 6
4 7 5
4 6 5
3 5 4
3 4 3
3 3 3
3 2 3
4 1 2
5 1 2
6 0 1
7 0 0
20
不满足车辆动力学!FAILED
20
0.174934
9 15 19
8 14 18
7 14 17
6 14 16
5 13 15
4 12 14
4 11 13
4 10 12
5 9 11
5 8 10
4 7 9
4 6 8
3 5 7
3 4 6
3 3 5
3 2 4
4 1 3
5 1 2
6 0 1
7 0 0
0
10
24.1421
34.1421
48.2843
58.2843
68.2843
78.2843
92.4264
102.426
116.569
126.569
140.711
150.711
160.711
174.853
188.995
198.995
208.995
223.137
cost is:223.045


19
0.0414864
21
0.0310835 0.110466

35
0.25032 1.19476 0.892064


